*COORDINATES
14
1 0 0
2 11 0
3 22 0
4 33 0
5 44 0
6 11 11
7 22 11
8 33 11
9 44 11
10 22 22
11 33 22
12 44 22
13 33 33
14 44 33

*ELEMENT_GROUPS
1
1 28 BAR

*INCIDENCES
1 1 2
2 2 3
3 3 4
4 4 5
5 1 6
6 2 6
7 2 7
8 3 7
9 4 7
10 4 8
11 4 9
12 5 9
13 6 7
14 7 8
15 8 9
16 6 10
17 7 10
18 7 11
19 8 11
20 9 11
21 9 12
22 10 11
23 11 12
24 10 13
25 11 13
26 12 13
27 12 14
28 13 14

*MATERIALS
28
210E10 1570E6 1570E6
210E10 1570E6 1570E6
210E10 1570E6 1570E6
210E10 1570E6 1570E6
210E10 1570E6 1570E6
210E10 1570E6 1570E6
210E10 1570E6 1570E6
210E10 1570E6 1570E6
210E10 1570E6 1570E6
210E10 1570E6 1570E6
210E10 1570E6 1570E6
210E10 1570E6 1570E6
210E10 1570E6 1570E6
210E10 1570E6 1570E6
210E10 1570E6 1570E6
210E10 1570E6 1570E6
210E10 1570E6 1570E6
210E10 1570E6 1570E6
210E10 1570E6 1570E6
210E10 1570E6 1570E6
210E10 1570E6 1570E6
210E10 1570E6 1570E6
210E10 1570E6 1570E6
210E10 1570E6 1570E6
210E10 1570E6 1570E6
210E10 1570E6 1570E6
210E10 1570E6 1570E6
210E10 1570E6 1570E6

*GEOMETRIC_PROPERTIES
28
2.25E-2
2.25E-2
2.25E-2
2.25E-2
2.25E-2
2.25E-2
2.25E-2
2.25E-2
2.25E-2
2.25E-2
2.25E-2
2.25E-2
2.25E-2
2.25E-2
2.25E-2
2.25E-2
2.25E-2
2.25E-2
2.25E-2
2.25E-2
2.25E-2
2.25E-2
2.25E-2
2.25E-2
2.25E-2
2.25E-2
2.25E-2
2.25E-2

*BCNODES
7
1 1
1 2
2 2
3 2
4 2
5 1
5 2

*LOADS
6
6 2 -110000
10 2 -110000
12 1 88000
13 2 -110000
14 1 88000
14 2 -110000